Sigma Gauss	Esperanza Poisson	Límite de integración ePix 
 [e]	 [e/pxl]	 [e] 
0.201	0.326578	0.54
0.201	0.308803	0.542
0.201	0.291994	0.544
0.201	0.2761	0.546
0.201	0.261071	0.548
0.201	0.246859	0.55
0.201	0.233421	0.552
0.201	0.220713	0.554
0.201	0.208697	0.556
0.201	0.197334	0.558
0.201	0.18659	0.56
0.201	0.17643	0.562
0.201	0.166823	0.564
0.201	0.157739	0.566
0.201	0.149149	0.568
0.201	0.141026	0.57
0.201	0.133345	0.572
0.201	0.126082	0.574
0.201	0.119215	0.576
0.201	0.112721	0.578
0.201	0.10658	0.58
0.201	0.100774	0.582
0.201	0.0952837	0.584
0.201	0.0900921	0.586
0.201	0.0851831	0.588
0.201	0.0805412	0.59
0.201	0.076152	0.592
0.201	0.0720017	0.594
0.201	0.0680774	0.596
0.201	0.0643666	0.598
0.201	0.0608579	0.6
0.201	0.0575401	0.602
0.201	0.054403	0.604
0.201	0.0514368	0.606
0.201	0.048632	0.608
0.201	0.0459799	0.61
0.201	0.0434723	0.612
0.201	0.0411012	0.614
0.201	0.0388592	0.616
0.201	0.0367394	0.618
0.201	0.034735	0.62
0.201	0.0328398	0.622
0.201	0.0310479	0.624
0.201	0.0293535	0.626
0.201	0.0277515	0.628
0.201	0.0262367	0.63
0.201	0.0248045	0.632
0.201	0.0234504	0.634
0.201	0.02217	0.636
0.201	0.0209594	0.638
0.201	0.0198148	0.64
0.201	0.0187326	0.642
0.201	0.0177094	0.644
0.201	0.016742	0.646
0.201	0.0158273	0.648
0.201	0.0149625	0.65
0.201	0.0141448	0.652
0.201	0.0133718	0.654
0.201	0.0126409	0.656
0.201	0.0119498	0.658
0.201	0.0112965	0.66
0.201	0.0106788	0.662
0.201	0.0100948	0.664
0.201	0.0095427	0.666
0.201	0.0090207	0.668
0.201	0.0085272	0.67
0.201	0.00806064	0.672
0.201	0.00761954	0.674
0.201	0.00720253	0.676
0.201	0.00680828	0.678
0.201	0.00643556	0.68
0.201	0.0060832	0.682
0.201	0.00575008	0.684
0.201	0.00543516	0.686
0.201	0.00513744	0.688
0.201	0.00485599	0.69
0.201	0.00458992	0.692
0.201	0.00433839	0.694
0.201	0.0041006	0.696
0.201	0.00387582	0.698
0.201	0.00366332	0.7
0.201	0.00346244	0.702
0.201	0.00327255	0.704
0.201	0.00309304	0.706
0.201	0.00292335	0.708
0.201	0.00276295	0.71
0.201	0.00261132	0.712
0.201	0.00246798	0.714
0.201	0.00233249	0.716
0.201	0.00220442	0.718
0.201	0.00208336	0.72
0.201	0.00196893	0.722
0.201	0.00186076	0.724
0.201	0.00175852	0.726
0.201	0.00166187	0.728
0.201	0.00157052	0.73
0.201	0.00148418	0.732
0.201	0.00140257	0.734
0.201	0.00132543	0.736
0.201	0.00125252	0.738
0.201	0.00118361	0.74
0.201	0.00111847	0.742
0.201	0.00105691	0.744
0.201	0.000998725	0.746
0.201	0.000943732	0.748
0.201	0.000891757	0.75
0.201	0.000842633	0.752
0.201	0.000796207	0.754
0.201	0.000752329	0.756
0.201	0.00071086	0.758
0.201	0.000671669	0.76
0.201	0.00063463	0.762
0.201	0.000599627	0.764
0.201	0.000566546	0.766
0.201	0.000535284	0.768
0.201	0.00050574	0.77
0.201	0.000477821	0.772
0.201	0.000451437	0.774
0.201	0.000426504	0.776
0.201	0.000402942	0.778
0.201	0.000380677	0.78
0.201	0.000359637	0.782
0.201	0.000339756	0.784
0.201	0.000320969	0.786
0.201	0.000303216	0.788
0.201	0.000286442	0.79
0.201	0.000270591	0.792
0.201	0.000255614	0.794
0.201	0.000241462	0.796
0.201	0.00022809	0.798
0.201	0.000215456	0.8
0.201	0.000203518	0.802
0.203	0.333114	0.54
0.203	0.315295	0.542
0.203	0.298429	0.544
0.203	0.282464	0.546
0.203	0.267353	0.548
0.203	0.25305	0.55
0.203	0.239512	0.552
0.203	0.226697	0.554
0.203	0.214568	0.556
0.203	0.203087	0.558
0.203	0.19222	0.56
0.203	0.181933	0.562
0.203	0.172197	0.564
0.203	0.162982	0.566
0.203	0.154259	0.568
0.203	0.146003	0.57
0.203	0.138188	0.572
0.203	0.130791	0.574
0.203	0.12379	0.576
0.203	0.117163	0.578
0.203	0.11089	0.58
0.203	0.104953	0.582
0.203	0.0993333	0.584
0.203	0.0940142	0.586
0.203	0.0889797	0.588
0.203	0.0842145	0.59
0.203	0.0797041	0.592
0.203	0.075435	0.594
0.203	0.0713943	0.596
0.203	0.0675698	0.598
0.203	0.0639498	0.6
0.203	0.0605236	0.602
0.203	0.0572806	0.604
0.203	0.0542112	0.606
0.203	0.051306	0.608
0.203	0.0485563	0.61
0.203	0.0459537	0.612
0.203	0.0434905	0.614
0.203	0.041159	0.616
0.203	0.0389524	0.618
0.203	0.0368638	0.62
0.203	0.0348871	0.622
0.203	0.0330162	0.624
0.203	0.0312455	0.626
0.203	0.0295695	0.628
0.203	0.0279833	0.63
0.203	0.0264821	0.632
0.203	0.0250612	0.634
0.203	0.0237164	0.636
0.203	0.0224437	0.638
0.203	0.0212391	0.64
0.203	0.0200991	0.642
0.203	0.0190201	0.644
0.203	0.017999	0.646
0.203	0.0170325	0.648
0.203	0.0161179	0.65
0.203	0.0152523	0.652
0.203	0.014433	0.654
0.203	0.0136577	0.656
0.203	0.0129239	0.658
0.203	0.0122295	0.66
0.203	0.0115723	0.662
0.203	0.0109503	0.664
0.203	0.0103617	0.666
0.203	0.00980467	0.668
0.203	0.00927751	0.67
0.203	0.00877862	0.672
0.203	0.0083065	0.674
0.203	0.00785971	0.676
0.203	0.00743689	0.678
0.203	0.00703676	0.68
0.203	0.00665811	0.682
0.203	0.00629978	0.684
0.203	0.00596069	0.686
0.203	0.0056398	0.688
0.203	0.00533614	0.69
0.203	0.00504879	0.692
0.203	0.00477687	0.694
0.203	0.00451956	0.696
0.203	0.00427607	0.698
0.203	0.00404566	0.7
0.203	0.00382763	0.702
0.203	0.00362132	0.704
0.203	0.00342609	0.706
0.203	0.00324137	0.708
0.203	0.00306657	0.71
0.203	0.00290117	0.712
0.203	0.00274466	0.714
0.203	0.00259658	0.716
0.203	0.00245645	0.718
0.203	0.00232387	0.72
0.203	0.00219842	0.722
0.203	0.00207972	0.724
0.203	0.00196741	0.726
0.203	0.00186115	0.728
0.203	0.0017606	0.73
0.203	0.00166547	0.732
0.203	0.00157547	0.734
0.203	0.00149031	0.736
0.203	0.00140974	0.738
0.203	0.00133351	0.74
0.203	0.00126139	0.742
0.203	0.00119315	0.744
0.203	0.00112859	0.746
0.203	0.00106752	0.748
0.203	0.00100974	0.75
0.203	0.00095507	0.752
0.203	0.000903352	0.754
0.203	0.000854425	0.756
0.203	0.000808138	0.758
0.203	0.000764349	0.76
0.203	0.000722924	0.762
0.203	0.000683736	0.764
0.203	0.000646664	0.766
0.203	0.000611593	0.768
0.203	0.000578418	0.77
0.203	0.000547035	0.772
0.203	0.000517348	0.774
0.203	0.000489265	0.776
0.203	0.000462701	0.778
0.203	0.000437573	0.78
0.203	0.000413804	0.782
0.203	0.000391321	0.784
0.203	0.000370054	0.786
0.203	0.000349939	0.788
0.203	0.000330912	0.79
0.203	0.000312915	0.792
0.203	0.000295892	0.794
0.203	0.000279792	0.796
0.203	0.000264564	0.798
0.203	0.000250161	0.8
0.203	0.000236538	0.802
0.205	0.339588	0.54
0.205	0.321732	0.542
0.205	0.304815	0.544
0.205	0.288787	0.546
0.205	0.273601	0.548
0.205	0.259213	0.55
0.205	0.245581	0.552
0.205	0.232665	0.554
0.205	0.220429	0.556
0.205	0.208835	0.558
0.205	0.197851	0.56
0.205	0.187444	0.562
0.205	0.177584	0.564
0.205	0.168242	0.566
0.205	0.159391	0.568
0.205	0.151005	0.57
0.205	0.14306	0.572
0.205	0.135533	0.574
0.205	0.128402	0.576
0.205	0.121645	0.578
0.205	0.115243	0.58
0.205	0.109178	0.582
0.205	0.103432	0.584
0.205	0.0979877	0.586
0.205	0.0928298	0.588
0.205	0.0879431	0.59
0.205	0.0833133	0.592
0.205	0.0789269	0.594
0.205	0.0747711	0.596
0.205	0.0708339	0.598
0.205	0.0671038	0.6
0.205	0.0635698	0.602
0.205	0.0602216	0.604
0.205	0.0570496	0.606
0.205	0.0540444	0.608
0.205	0.0511972	0.61
0.205	0.0484998	0.612
0.205	0.0459444	0.614
0.205	0.0435233	0.616
0.205	0.0412297	0.618
0.205	0.0390567	0.62
0.205	0.036998	0.622
0.205	0.0350477	0.624
0.205	0.0332	0.626
0.205	0.0314496	0.628
0.205	0.0297913	0.63
0.205	0.0282202	0.632
0.205	0.0267319	0.634
0.205	0.0253219	0.636
0.205	0.0239861	0.638
0.205	0.0227207	0.64
0.205	0.0215219	0.642
0.205	0.0203863	0.644
0.205	0.0193104	0.646
0.205	0.0182912	0.648
0.205	0.0173257	0.65
0.205	0.016411	0.652
0.205	0.0155445	0.654
0.205	0.0147237	0.656
0.205	0.0139461	0.658
0.205	0.0132095	0.66
0.205	0.0125118	0.662
0.205	0.0118508	0.664
0.205	0.0112246	0.666
0.205	0.0106314	0.668
0.205	0.0100695	0.67
0.205	0.00953729	0.672
0.205	0.0090331	0.674
0.205	0.00855549	0.676
0.205	0.00810308	0.678
0.205	0.00767453	0.68
0.205	0.00726858	0.682
0.205	0.00688406	0.684
0.205	0.00651982	0.686
0.205	0.00617481	0.688
0.205	0.005848	0.69
0.205	0.00553844	0.692
0.205	0.00524523	0.694
0.205	0.00496749	0.696
0.205	0.00470442	0.698
0.205	0.00445525	0.7
0.205	0.00421923	0.702
0.205	0.00399568	0.704
0.205	0.00378394	0.706
0.205	0.00358339	0.708
0.205	0.00339343	0.71
0.205	0.00321352	0.712
0.205	0.00304311	0.714
0.205	0.00288172	0.716
0.205	0.00272885	0.718
0.205	0.00258407	0.72
0.205	0.00244695	0.722
0.205	0.00231708	0.724
0.205	0.00219408	0.726
0.205	0.00207759	0.728
0.205	0.00196726	0.73
0.205	0.00186277	0.732
0.205	0.00176382	0.734
0.205	0.0016701	0.736
0.205	0.00158134	0.738
0.205	0.00149729	0.74
0.205	0.00141769	0.742
0.205	0.0013423	0.744
0.205	0.00127091	0.746
0.205	0.0012033	0.748
0.205	0.00113928	0.75
0.205	0.00107865	0.752
0.205	0.00102123	0.754
0.205	0.000966858	0.756
0.205	0.000915371	0.758
0.205	0.000866615	0.76
0.205	0.000820446	0.762
0.205	0.000776727	0.764
0.205	0.000735329	0.766
0.205	0.000696128	0.768
0.205	0.000659009	0.77
0.205	0.000623861	0.772
0.205	0.000590581	0.774
0.205	0.000559068	0.776
0.205	0.00052923	0.778
0.205	0.000500977	0.78
0.205	0.000474227	0.782
0.205	0.000448899	0.784
0.205	0.000424918	0.786
0.205	0.000402212	0.788
0.205	0.000380715	0.79
0.205	0.000360361	0.792
0.205	0.000341091	0.794
0.205	0.000322847	0.796
0.205	0.000305574	0.798
0.205	0.000289221	0.8
0.205	0.000273739	0.802
0.207	0.345999	0.54
0.207	0.328113	0.542
0.207	0.311151	0.544
0.207	0.295066	0.546
0.207	0.279811	0.548
0.207	0.265345	0.55
0.207	0.251626	0.552
0.207	0.238615	0.554
0.207	0.226277	0.556
0.207	0.214577	0.558
0.207	0.203481	0.56
0.207	0.192958	0.562
0.207	0.182979	0.564
0.207	0.173516	0.566
0.207	0.164541	0.568
0.207	0.156031	0.57
0.207	0.14796	0.572
0.207	0.140306	0.574
0.207	0.133048	0.576
0.207	0.126164	0.578
0.207	0.119637	0.58
0.207	0.113447	0.582
0.207	0.107576	0.584
0.207	0.10201	0.586
0.207	0.0967305	0.588
0.207	0.0917242	0.59
0.207	0.0869768	0.592
0.207	0.0824747	0.594
0.207	0.0782054	0.596
0.207	0.0741567	0.598
0.207	0.0703174	0.6
0.207	0.0666766	0.602
0.207	0.063224	0.604
0.207	0.0599499	0.606
0.207	0.0568452	0.608
0.207	0.0539009	0.61
0.207	0.051109	0.612
0.207	0.0484614	0.614
0.207	0.0459508	0.616
0.207	0.04357	0.618
0.207	0.0413124	0.62
0.207	0.0391715	0.622
0.207	0.0371414	0.624
0.207	0.0352164	0.626
0.207	0.0333909	0.628
0.207	0.0316599	0.63
0.207	0.0300184	0.632
0.207	0.0284619	0.634
0.207	0.026986	0.636
0.207	0.0255864	0.638
0.207	0.0242593	0.64
0.207	0.0230009	0.642
0.207	0.0218077	0.644
0.207	0.0206762	0.646
0.207	0.0196033	0.648
0.207	0.0185859	0.65
0.207	0.0176213	0.652
0.207	0.0167066	0.654
0.207	0.0158393	0.656
0.207	0.0150169	0.658
0.207	0.0142371	0.66
0.207	0.0134977	0.662
0.207	0.0127966	0.664
0.207	0.0121318	0.666
0.207	0.0115015	0.668
0.207	0.0109039	0.67
0.207	0.0103373	0.672
0.207	0.00979998	0.674
0.207	0.00929055	0.676
0.207	0.00880754	0.678
0.207	0.00834958	0.68
0.207	0.00791537	0.682
0.207	0.00750368	0.684
0.207	0.00711334	0.686
0.207	0.00674326	0.688
0.207	0.00639238	0.69
0.207	0.0060597	0.692
0.207	0.00574429	0.694
0.207	0.00544526	0.696
0.207	0.00516174	0.698
0.207	0.00489294	0.7
0.207	0.00463811	0.702
0.207	0.0043965	0.704
0.207	0.00416744	0.706
0.207	0.00395028	0.708
0.207	0.00374441	0.71
0.207	0.00354922	0.712
0.207	0.00336419	0.714
0.207	0.00318876	0.716
0.207	0.00302246	0.718
0.207	0.0028648	0.72
0.207	0.00271534	0.722
0.207	0.00257365	0.724
0.207	0.00243933	0.726
0.207	0.002312	0.728
0.207	0.00219129	0.73
0.207	0.00207686	0.732
0.207	0.00196839	0.734
0.207	0.00186556	0.736
0.207	0.00176809	0.738
0.207	0.00167569	0.74
0.207	0.0015881	0.742
0.207	0.00150507	0.744
0.207	0.00142637	0.746
0.207	0.00135177	0.748
0.207	0.00128106	0.75
0.207	0.00121403	0.752
0.207	0.00115049	0.754
0.207	0.00109027	0.756
0.207	0.00103319	0.758
0.207	0.000979083	0.76
0.207	0.0009278	0.762
0.207	0.000879192	0.764
0.207	0.000833121	0.766
0.207	0.000789454	0.768
0.207	0.000748067	0.77
0.207	0.000708841	0.772
0.207	0.000671663	0.774
0.207	0.000636426	0.776
0.207	0.000603031	0.778
0.207	0.00057138	0.78
0.207	0.000541384	0.782
0.207	0.000512955	0.784
0.207	0.000486013	0.786
0.207	0.00046048	0.788
0.207	0.000436282	0.79
0.207	0.00041335	0.792
0.207	0.000391618	0.794
0.207	0.000371023	0.796
0.207	0.000351507	0.798
0.207	0.000333012	0.8
0.207	0.000315486	0.802
0.209	0.352347	0.54
0.209	0.334436	0.542
0.209	0.317436	0.544
0.209	0.301299	0.546
0.209	0.285983	0.548
0.209	0.271444	0.55
0.209	0.257644	0.552
0.209	0.244544	0.554
0.209	0.232111	0.556
0.209	0.220309	0.558
0.209	0.209107	0.56
0.209	0.198473	0.562
0.209	0.18838	0.564
0.209	0.1788	0.566
0.209	0.169707	0.568
0.209	0.161075	0.57
0.209	0.152882	0.572
0.209	0.145106	0.574
0.209	0.137724	0.576
0.209	0.130718	0.578
0.209	0.124068	0.58
0.209	0.117756	0.582
0.209	0.111764	0.584
0.209	0.106077	0.586
0.209	0.100679	0.588
0.209	0.0955552	0.59
0.209	0.090692	0.592
0.209	0.0860759	0.594
0.209	0.0816945	0.596
0.209	0.0775358	0.598
0.209	0.0735885	0.6
0.209	0.0698418	0.602
0.209	0.0662857	0.604
0.209	0.0629103	0.606
0.209	0.0597066	0.608
0.209	0.0566657	0.61
0.209	0.0537795	0.612
0.209	0.0510401	0.614
0.209	0.0484399	0.616
0.209	0.045972	0.618
0.209	0.0436297	0.62
0.209	0.0414064	0.622
0.209	0.0392963	0.624
0.209	0.0372935	0.626
0.209	0.0353926	0.628
0.209	0.0335884	0.63
0.209	0.031876	0.632
0.209	0.0302508	0.634
0.209	0.0287082	0.636
0.209	0.0272442	0.638
0.209	0.0258547	0.64
0.209	0.0245359	0.642
0.209	0.0232842	0.644
0.209	0.0220962	0.646
0.209	0.0209688	0.648
0.209	0.0198987	0.65
0.209	0.0188831	0.652
0.209	0.0179193	0.654
0.209	0.0170045	0.656
0.209	0.0161363	0.658
0.209	0.0153124	0.66
0.209	0.0145304	0.662
0.209	0.0137882	0.664
0.209	0.0130839	0.666
0.209	0.0124155	0.668
0.209	0.0117811	0.67
0.209	0.0111791	0.672
0.209	0.0106077	0.674
0.209	0.0100655	0.676
0.209	0.00955094	0.678
0.209	0.0090626	0.68
0.209	0.00859916	0.682
0.209	0.00815936	0.684
0.209	0.00774199	0.686
0.209	0.00734591	0.688
0.209	0.00697004	0.69
0.209	0.00661335	0.692
0.209	0.00627486	0.694
0.209	0.00595364	0.696
0.209	0.00564882	0.698
0.209	0.00535956	0.7
0.209	0.00508507	0.702
0.209	0.0048246	0.704
0.209	0.00457743	0.706
0.209	0.00434288	0.708
0.209	0.00412031	0.71
0.209	0.00390911	0.712
0.209	0.00370871	0.714
0.209	0.00351854	0.716
0.209	0.0033381	0.718
0.209	0.00316687	0.72
0.209	0.00300441	0.722
0.209	0.00285024	0.724
0.209	0.00270397	0.726
0.209	0.00256517	0.728
0.209	0.00243348	0.73
0.209	0.00230852	0.732
0.209	0.00218995	0.734
0.209	0.00207746	0.736
0.209	0.00197072	0.738
0.209	0.00186945	0.74
0.209	0.00177336	0.742
0.209	0.00168219	0.744
0.209	0.00159569	0.746
0.209	0.00151362	0.748
0.209	0.00143576	0.75
0.209	0.00136189	0.752
0.209	0.0012918	0.754
0.209	0.00122531	0.756
0.209	0.00116223	0.758
0.209	0.00110238	0.76
0.209	0.0010456	0.762
0.209	0.00099173	0.764
0.209	0.000940627	0.766
0.209	0.000892147	0.768
0.209	0.000846155	0.77
0.209	0.000802523	0.772
0.209	0.000761133	0.774
0.209	0.000721868	0.776
0.209	0.000684619	0.778
0.209	0.000649285	0.78
0.209	0.000615766	0.782
0.209	0.00058397	0.784
0.209	0.000553808	0.786
0.209	0.000525198	0.788
0.209	0.000498058	0.79
0.209	0.000472315	0.792
0.209	0.000447896	0.794
0.209	0.000424734	0.796
0.209	0.000402764	0.798
0.209	0.000381925	0.8
0.209	0.000362159	0.802
0.211	0.35863	0.54
0.211	0.340701	0.542
0.211	0.323668	0.544
0.211	0.307487	0.546
0.211	0.292113	0.548
0.211	0.277508	0.55
0.211	0.263632	0.552
0.211	0.25045	0.554
0.211	0.237927	0.556
0.211	0.226029	0.558
0.211	0.214725	0.56
0.211	0.203987	0.562
0.211	0.193785	0.564
0.211	0.184092	0.566
0.211	0.174884	0.568
0.211	0.166136	0.57
0.211	0.157826	0.572
0.211	0.14993	0.574
0.211	0.142429	0.576
0.211	0.135303	0.578
0.211	0.128533	0.58
0.211	0.122102	0.582
0.211	0.115992	0.584
0.211	0.110187	0.586
0.211	0.104672	0.588
0.211	0.0994333	0.59
0.211	0.0944562	0.592
0.211	0.0897279	0.594
0.211	0.085236	0.596
0.211	0.0809686	0.598
0.211	0.0769146	0.6
0.211	0.0730633	0.602
0.211	0.0694045	0.604
0.211	0.0659287	0.606
0.211	0.0626266	0.608
0.211	0.0594897	0.61
0.211	0.0565097	0.612
0.211	0.0536787	0.614
0.211	0.0509893	0.616
0.211	0.0484344	0.618
0.211	0.0460073	0.62
0.211	0.0437016	0.622
0.211	0.0415112	0.624
0.211	0.0394305	0.626
0.211	0.0374538	0.628
0.211	0.0355761	0.63
0.211	0.0337923	0.632
0.211	0.0320978	0.634
0.211	0.030488	0.636
0.211	0.0289589	0.638
0.211	0.0275063	0.64
0.211	0.0261264	0.642
0.211	0.0248156	0.644
0.211	0.0235704	0.646
0.211	0.0223875	0.648
0.211	0.0212639	0.65
0.211	0.0201966	0.652
0.211	0.0191827	0.654
0.211	0.0182196	0.656
0.211	0.0173047	0.658
0.211	0.0164357	0.66
0.211	0.0156102	0.662
0.211	0.014826	0.664
0.211	0.0140812	0.666
0.211	0.0133737	0.668
0.211	0.0127016	0.67
0.211	0.0120633	0.672
0.211	0.0114569	0.674
0.211	0.0108809	0.676
0.211	0.0103338	0.678
0.211	0.00981418	0.68
0.211	0.00932059	0.682
0.211	0.00885175	0.684
0.211	0.00840643	0.686
0.211	0.00798346	0.688
0.211	0.0075817	0.69
0.211	0.00720011	0.692
0.211	0.00683766	0.694
0.211	0.00649341	0.696
0.211	0.00616644	0.698
0.211	0.00585588	0.7
0.211	0.00556092	0.702
0.211	0.00528076	0.704
0.211	0.00501468	0.706
0.211	0.00476197	0.708
0.211	0.00452194	0.71
0.211	0.00429398	0.712
0.211	0.00407748	0.714
0.211	0.00387185	0.716
0.211	0.00367656	0.718
0.211	0.00349109	0.72
0.211	0.00331494	0.722
0.211	0.00314765	0.724
0.211	0.00298877	0.726
0.211	0.00283788	0.728
0.211	0.00269459	0.73
0.211	0.0025585	0.732
0.211	0.00242927	0.734
0.211	0.00230653	0.736
0.211	0.00218998	0.738
0.211	0.00207929	0.74
0.211	0.00197418	0.742
0.211	0.00187436	0.744
0.211	0.00177957	0.746
0.211	0.00168956	0.748
0.211	0.00160408	0.75
0.211	0.0015229	0.752
0.211	0.00144582	0.754
0.211	0.00137263	0.756
0.211	0.00130312	0.758
0.211	0.00123713	0.76
0.211	0.00117446	0.762
0.211	0.00111495	0.764
0.211	0.00105844	0.766
0.211	0.00100479	0.768
0.211	0.000953843	0.77
0.211	0.000905469	0.772
0.211	0.000859538	0.774
0.211	0.000815927	0.776
0.211	0.000774519	0.778
0.211	0.000735204	0.78
0.211	0.000697875	0.782
0.211	0.000662433	0.784
0.211	0.000628782	0.786
0.211	0.000596833	0.788
0.211	0.000566501	0.79
0.211	0.000537702	0.792
0.211	0.000510361	0.794
0.211	0.000484403	0.796
0.211	0.00045976	0.798
0.211	0.000436364	0.8
0.211	0.000414153	0.802
0.213	0.364848	0.54
0.213	0.346906	0.542
0.213	0.329847	0.544
0.213	0.313626	0.546
0.213	0.298202	0.548
0.213	0.283536	0.55
0.213	0.26959	0.552
0.213	0.256331	0.554
0.213	0.243722	0.556
0.213	0.231734	0.558
0.213	0.220334	0.56
0.213	0.209495	0.562
0.213	0.199189	0.564
0.213	0.189389	0.566
0.213	0.180071	0.568
0.213	0.171211	0.57
0.213	0.162786	0.572
0.213	0.154776	0.574
0.213	0.147159	0.576
0.213	0.139917	0.578
0.213	0.13303	0.58
0.213	0.126482	0.582
0.213	0.120256	0.584
0.213	0.114337	0.586
0.213	0.108708	0.588
0.213	0.103356	0.59
0.213	0.0982669	0.592
0.213	0.0934282	0.594
0.213	0.0888275	0.596
0.213	0.084453	0.598
0.213	0.0802936	0.6
0.213	0.0763387	0.602
0.213	0.0725784	0.604
0.213	0.069003	0.606
0.213	0.0656034	0.608
0.213	0.0623711	0.61
0.213	0.0592977	0.612
0.213	0.0563756	0.614
0.213	0.0535972	0.616
0.213	0.0509555	0.618
0.213	0.0484438	0.62
0.213	0.0460557	0.622
0.213	0.043785	0.624
0.213	0.0416261	0.626
0.213	0.0395735	0.628
0.213	0.0376219	0.63
0.213	0.0357663	0.632
0.213	0.0340021	0.634
0.213	0.0323247	0.636
0.213	0.03073	0.638
0.213	0.0292137	0.64
0.213	0.0277721	0.642
0.213	0.0264014	0.644
0.213	0.0250983	0.646
0.213	0.0238594	0.648
0.213	0.0226814	0.65
0.213	0.0215615	0.652
0.213	0.0204968	0.654
0.213	0.0194845	0.656
0.213	0.0185221	0.658
0.213	0.0176071	0.66
0.213	0.0167372	0.662
0.213	0.0159102	0.664
0.213	0.0151239	0.666
0.213	0.0143764	0.668
0.213	0.0136658	0.67
0.213	0.0129902	0.672
0.213	0.0123479	0.674
0.213	0.0117373	0.676
0.213	0.0111567	0.678
0.213	0.0106049	0.68
0.213	0.0100802	0.682
0.213	0.00958145	0.684
0.213	0.0091073	0.686
0.213	0.00865653	0.688
0.213	0.00822802	0.69
0.213	0.00782066	0.692
0.213	0.0074334	0.694
0.213	0.00706526	0.696
0.213	0.0067153	0.698
0.213	0.00638262	0.7
0.213	0.00606637	0.702
0.213	0.00576575	0.704
0.213	0.00547997	0.706
0.213	0.00520831	0.708
0.213	0.00495008	0.71
0.213	0.00470461	0.712
0.213	0.00447127	0.714
0.213	0.00424946	0.716
0.213	0.00403862	0.718
0.213	0.00383821	0.72
0.213	0.00364771	0.722
0.213	0.00346663	0.724
0.213	0.0032945	0.726
0.213	0.0031309	0.728
0.213	0.00297539	0.73
0.213	0.00282757	0.732
0.213	0.00268707	0.734
0.213	0.00255353	0.736
0.213	0.0024266	0.738
0.213	0.00230596	0.74
0.213	0.00219129	0.742
0.213	0.0020823	0.744
0.213	0.00197871	0.746
0.213	0.00188026	0.748
0.213	0.00178668	0.75
0.213	0.00169774	0.752
0.213	0.00161321	0.754
0.213	0.00153288	0.756
0.213	0.00145653	0.758
0.213	0.00138396	0.76
0.213	0.001315	0.762
0.213	0.00124945	0.764
0.213	0.00118716	0.766
0.213	0.00112797	0.768
0.213	0.00107171	0.77
0.213	0.00101824	0.772
0.213	0.000967435	0.774
0.213	0.00091915	0.776
0.213	0.000873265	0.778
0.213	0.000829659	0.78
0.213	0.000788222	0.782
0.213	0.000748844	0.784
0.213	0.000711425	0.786
0.213	0.000675866	0.788
0.213	0.000642077	0.79
0.213	0.000609969	0.792
0.213	0.000579459	0.794
0.213	0.000550467	0.796
0.213	0.000522919	0.798
0.213	0.000496743	0.8
0.213	0.000471871	0.802
0.215	0.371	0.54
0.215	0.353051	0.542
0.215	0.33597	0.544
0.215	0.319715	0.546
0.215	0.304246	0.548
0.215	0.289525	0.55
0.215	0.275515	0.552
0.215	0.262183	0.554
0.215	0.249496	0.556
0.215	0.237422	0.558
0.215	0.225932	0.56
0.215	0.214997	0.562
0.215	0.204591	0.564
0.215	0.194688	0.566
0.215	0.185264	0.568
0.215	0.176296	0.57
0.215	0.167762	0.572
0.215	0.15964	0.574
0.215	0.151911	0.576
0.215	0.144555	0.578
0.215	0.137556	0.58
0.215	0.130895	0.582
0.215	0.124556	0.584
0.215	0.118523	0.586
0.215	0.112783	0.588
0.215	0.10732	0.59
0.215	0.102121	0.592
0.215	0.0971743	0.594
0.215	0.0924664	0.596
0.215	0.0879863	0.598
0.215	0.083723	0.6
0.215	0.0796659	0.602
0.215	0.0758051	0.604
0.215	0.0721312	0.606
0.215	0.068635	0.608
0.215	0.0653079	0.61
0.215	0.0621419	0.612
0.215	0.0591291	0.614
0.215	0.0562622	0.616
0.215	0.053534	0.618
0.215	0.0509378	0.62
0.215	0.0484673	0.622
0.215	0.0461164	0.624
0.215	0.0438794	0.626
0.215	0.0417506	0.628
0.215	0.0397249	0.63
0.215	0.0377973	0.632
0.215	0.0359631	0.634
0.215	0.0342176	0.636
0.215	0.0325567	0.638
0.215	0.0309763	0.64
0.215	0.0294724	0.642
0.215	0.0280414	0.644
0.215	0.0266797	0.646
0.215	0.025384	0.648
0.215	0.024151	0.65
0.215	0.0229778	0.652
0.215	0.0218615	0.654
0.215	0.0207993	0.656
0.215	0.0197885	0.658
0.215	0.0188268	0.66
0.215	0.0179117	0.662
0.215	0.0170409	0.664
0.215	0.0162124	0.666
0.215	0.015424	0.668
0.215	0.0146739	0.67
0.215	0.0139602	0.672
0.215	0.0132811	0.674
0.215	0.0126349	0.676
0.215	0.0120201	0.678
0.215	0.0114352	0.68
0.215	0.0108786	0.682
0.215	0.010349	0.684
0.215	0.00984513	0.686
0.215	0.00936573	0.688
0.215	0.0089096	0.69
0.215	0.00847562	0.692
0.215	0.00806271	0.694
0.215	0.00766986	0.696
0.215	0.00729609	0.698
0.215	0.00694048	0.7
0.215	0.00660215	0.702
0.215	0.00628025	0.704
0.215	0.005974	0.706
0.215	0.00568264	0.708
0.215	0.00540544	0.71
0.215	0.00514172	0.712
0.215	0.00489082	0.714
0.215	0.00465212	0.716
0.215	0.00442503	0.718
0.215	0.00420899	0.72
0.215	0.00400346	0.722
0.215	0.00380793	0.724
0.215	0.00362191	0.726
0.215	0.00344495	0.728
0.215	0.00327661	0.73
0.215	0.00311646	0.732
0.215	0.00296411	0.734
0.215	0.00281918	0.736
0.215	0.0026813	0.738
0.215	0.00255015	0.74
0.215	0.00242539	0.742
0.215	0.0023067	0.744
0.215	0.0021938	0.746
0.215	0.00208641	0.748
0.215	0.00198425	0.75
0.215	0.00188707	0.752
0.215	0.00179463	0.754
0.215	0.00170671	0.756
0.215	0.00162307	0.758
0.215	0.00154351	0.76
0.215	0.00146784	0.762
0.215	0.00139586	0.764
0.215	0.0013274	0.766
0.215	0.00126227	0.768
0.215	0.00120033	0.77
0.215	0.00114142	0.772
0.215	0.00108538	0.774
0.215	0.00103209	0.776
0.215	0.000981396	0.778
0.215	0.000933182	0.78
0.215	0.000887326	0.782
0.215	0.000843713	0.784
0.215	0.000802234	0.786
0.215	0.000762784	0.788
0.215	0.000725265	0.79
0.215	0.000689583	0.792
0.215	0.000655647	0.794
0.215	0.000623373	0.796
0.215	0.000592681	0.798
0.215	0.000563492	0.8
0.215	0.000535733	0.802
0.217	0.377086	0.54
0.217	0.359135	0.542
0.217	0.342038	0.544
0.217	0.325754	0.546
0.217	0.310245	0.548
0.217	0.295474	0.55
0.217	0.281406	0.552
0.217	0.268007	0.554
0.217	0.255245	0.556
0.217	0.243091	0.558
0.217	0.231514	0.56
0.217	0.220489	0.562
0.217	0.209988	0.564
0.217	0.199987	0.566
0.217	0.190461	0.568
0.217	0.181389	0.57
0.217	0.172749	0.572
0.217	0.164519	0.574
0.217	0.156681	0.576
0.217	0.149217	0.578
0.217	0.142107	0.58
0.217	0.135336	0.582
0.217	0.128887	0.584
0.217	0.122745	0.586
0.217	0.116895	0.588
0.217	0.111323	0.59
0.217	0.106017	0.592
0.217	0.100963	0.594
0.217	0.0961504	0.596
0.217	0.0915664	0.598
0.217	0.0872006	0.6
0.217	0.0830426	0.602
0.217	0.0790826	0.604
0.217	0.0753112	0.606
0.217	0.0717193	0.608
0.217	0.0682984	0.61
0.217	0.0650404	0.612
0.217	0.0619376	0.614
0.217	0.0589825	0.616
0.217	0.0561682	0.618
0.217	0.0534879	0.62
0.217	0.0509352	0.622
0.217	0.0485042	0.624
0.217	0.0461889	0.626
0.217	0.043984	0.628
0.217	0.0418841	0.63
0.217	0.0398842	0.632
0.217	0.0379797	0.634
0.217	0.0361659	0.636
0.217	0.0344385	0.638
0.217	0.0327935	0.64
0.217	0.0312269	0.642
0.217	0.0297349	0.644
0.217	0.0283141	0.646
0.217	0.026961	0.648
0.217	0.0256724	0.65
0.217	0.0244452	0.652
0.217	0.0232766	0.654
0.217	0.0221637	0.656
0.217	0.0211039	0.658
0.217	0.0200947	0.66
0.217	0.0191335	0.662
0.217	0.0182183	0.664
0.217	0.0173467	0.666
0.217	0.0165167	0.668
0.217	0.0157263	0.67
0.217	0.0149736	0.672
0.217	0.0142569	0.674
0.217	0.0135743	0.676
0.217	0.0129244	0.678
0.217	0.0123054	0.68
0.217	0.0117161	0.682
0.217	0.0111549	0.684
0.217	0.0106205	0.686
0.217	0.0101116	0.688
0.217	0.00962699	0.69
0.217	0.00916557	0.692
0.217	0.00872619	0.694
0.217	0.00830781	0.696
0.217	0.00790943	0.698
0.217	0.00753009	0.7
0.217	0.00716888	0.702
0.217	0.00682495	0.704
0.217	0.00649746	0.706
0.217	0.00618564	0.708
0.217	0.00588873	0.71
0.217	0.00560602	0.712
0.217	0.00533684	0.714
0.217	0.00508054	0.716
0.217	0.0048365	0.718
0.217	0.00460415	0.72
0.217	0.00438292	0.722
0.217	0.00417228	0.724
0.217	0.00397172	0.726
0.217	0.00378077	0.728
0.217	0.00359897	0.73
0.217	0.00342588	0.732
0.217	0.00326108	0.734
0.217	0.00310418	0.736
0.217	0.0029548	0.738
0.217	0.00281257	0.74
0.217	0.00267717	0.742
0.217	0.00254826	0.744
0.217	0.00242553	0.746
0.217	0.00230869	0.748
0.217	0.00219746	0.75
0.217	0.00209156	0.752
0.217	0.00199074	0.754
0.217	0.00189477	0.756
0.217	0.0018034	0.758
0.217	0.00171641	0.76
0.217	0.00163361	0.762
0.217	0.00155478	0.764
0.217	0.00147974	0.766
0.217	0.00140831	0.768
0.217	0.0013403	0.77
0.217	0.00127557	0.772
0.217	0.00121395	0.774
0.217	0.00115529	0.776
0.217	0.00109946	0.778
0.217	0.00104631	0.78
0.217	0.000995715	0.782
0.217	0.000947557	0.784
0.217	0.000901717	0.786
0.217	0.000858083	0.788
0.217	0.000816551	0.79
0.217	0.00077702	0.792
0.217	0.000739392	0.794
0.217	0.000703578	0.796
0.217	0.00066949	0.798
0.217	0.000637045	0.8
0.217	0.000606164	0.802
0.219	0.383106	0.54
0.219	0.365157	0.542
0.219	0.348049	0.544
0.219	0.331742	0.546
0.219	0.316198	0.548
0.219	0.301382	0.55
0.219	0.28726	0.552
0.219	0.273799	0.554
0.219	0.260968	0.556
0.219	0.248738	0.558
0.219	0.237081	0.56
0.219	0.225969	0.562
0.219	0.215378	0.564
0.219	0.205282	0.566
0.219	0.19566	0.568
0.219	0.186488	0.57
0.219	0.177745	0.572
0.219	0.169412	0.574
0.219	0.161469	0.576
0.219	0.153898	0.578
0.219	0.146682	0.58
0.219	0.139803	0.582
0.219	0.133247	0.584
0.219	0.126997	0.586
0.219	0.121041	0.588
0.219	0.115363	0.59
0.219	0.109952	0.592
0.219	0.104793	0.594
0.219	0.099877	0.596
0.219	0.0951908	0.598
0.219	0.0907241	0.6
0.219	0.0864667	0.602
0.219	0.0824087	0.604
0.219	0.0785409	0.606
0.219	0.0748543	0.608
0.219	0.0713405	0.61
0.219	0.0679913	0.612
0.219	0.0647991	0.614
0.219	0.0617565	0.616
0.219	0.0588565	0.618
0.219	0.0560924	0.62
0.219	0.0534579	0.622
0.219	0.0509469	0.624
0.219	0.0485536	0.626
0.219	0.0462725	0.628
0.219	0.0440983	0.63
0.219	0.0420261	0.632
0.219	0.0400511	0.634
0.219	0.0381686	0.636
0.219	0.0363745	0.638
0.219	0.0346645	0.64
0.219	0.0330347	0.642
0.219	0.0314814	0.644
0.219	0.030001	0.646
0.219	0.02859	0.648
0.219	0.0272452	0.65
0.219	0.0259635	0.652
0.219	0.0247419	0.654
0.219	0.0235777	0.656
0.219	0.0224682	0.658
0.219	0.0214107	0.66
0.219	0.0204028	0.662
0.219	0.0194423	0.664
0.219	0.0185269	0.666
0.219	0.0176545	0.668
0.219	0.016823	0.67
0.219	0.0160306	0.672
0.219	0.0152754	0.674
0.219	0.0145557	0.676
0.219	0.0138698	0.678
0.219	0.0132161	0.68
0.219	0.0125931	0.682
0.219	0.0119995	0.684
0.219	0.0114337	0.686
0.219	0.0108945	0.688
0.219	0.0103807	0.69
0.219	0.00989102	0.692
0.219	0.00942437	0.694
0.219	0.00897967	0.696
0.219	0.00855589	0.698
0.219	0.00815205	0.7
0.219	0.0077672	0.702
0.219	0.00740046	0.704
0.219	0.00705098	0.706
0.219	0.00671795	0.708
0.219	0.00640059	0.71
0.219	0.00609818	0.712
0.219	0.00581	0.714
0.219	0.00553539	0.716
0.219	0.00527372	0.718
0.219	0.00502437	0.72
0.219	0.00478677	0.722
0.219	0.00456036	0.724
0.219	0.00434462	0.726
0.219	0.00413905	0.728
0.219	0.00394317	0.73
0.219	0.00375653	0.732
0.219	0.00357869	0.734
0.219	0.00340923	0.736
0.219	0.00324776	0.738
0.219	0.00309391	0.74
0.219	0.00294732	0.742
0.219	0.00280765	0.744
0.219	0.00267457	0.746
0.219	0.00254777	0.748
0.219	0.00242696	0.75
0.219	0.00231185	0.752
0.219	0.00220218	0.754
0.219	0.00209769	0.756
0.219	0.00199814	0.758
0.219	0.00190329	0.76
0.219	0.00181292	0.762
0.219	0.00172683	0.764
0.219	0.0016448	0.766
0.219	0.00156666	0.768
0.219	0.00149221	0.77
0.219	0.00142128	0.772
0.219	0.0013537	0.774
0.219	0.00128933	0.776
0.219	0.001228	0.778
0.219	0.00116958	0.78
0.219	0.00111392	0.782
0.219	0.00106089	0.784
0.219	0.00101038	0.786
0.219	0.000962266	0.788
0.219	0.000916429	0.79
0.219	0.000872764	0.792
0.219	0.000831169	0.794
0.219	0.000791546	0.796
0.219	0.000753803	0.798
0.219	0.00071785	0.8
0.219	0.000683603	0.802
0.221	0.389058	0.54
0.221	0.371117	0.542
0.221	0.354003	0.544
0.221	0.337677	0.546
0.221	0.322103	0.548
0.221	0.307247	0.55
0.221	0.293076	0.552
0.221	0.279558	0.554
0.221	0.266663	0.556
0.221	0.254362	0.558
0.221	0.242628	0.56
0.221	0.231435	0.562
0.221	0.220758	0.564
0.221	0.210573	0.566
0.221	0.200857	0.568
0.221	0.191589	0.57
0.221	0.182748	0.572
0.221	0.174315	0.574
0.221	0.16627	0.576
0.221	0.158597	0.578
0.221	0.151276	0.58
0.221	0.144294	0.582
0.221	0.137633	0.584
0.221	0.131279	0.586
0.221	0.125219	0.588
0.221	0.119437	0.59
0.221	0.113922	0.592
0.221	0.108662	0.594
0.221	0.103644	0.596
0.221	0.0988571	0.598
0.221	0.0942912	0.6
0.221	0.0899358	0.602
0.221	0.0857813	0.604
0.221	0.0818183	0.606
0.221	0.0780382	0.608
0.221	0.0744324	0.61
0.221	0.0709929	0.612
0.221	0.067712	0.614
0.221	0.0645825	0.616
0.221	0.0615974	0.618
0.221	0.0587499	0.62
0.221	0.0560339	0.622
0.221	0.0534431	0.624
0.221	0.050972	0.626
0.221	0.0486148	0.628
0.221	0.0463664	0.63
0.221	0.0442218	0.632
0.221	0.0421762	0.634
0.221	0.040225	0.636
0.221	0.0383638	0.638
0.221	0.0365886	0.64
0.221	0.0348954	0.642
0.221	0.0332803	0.644
0.221	0.0317398	0.646
0.221	0.0302704	0.648
0.221	0.0288689	0.65
0.221	0.0275321	0.652
0.221	0.0262571	0.654
0.221	0.025041	0.656
0.221	0.023881	0.658
0.221	0.0227747	0.66
0.221	0.0217194	0.662
0.221	0.020713	0.664
0.221	0.019753	0.666
0.221	0.0188374	0.668
0.221	0.0179642	0.67
0.221	0.0171313	0.672
0.221	0.0163369	0.674
0.221	0.0155792	0.676
0.221	0.0148566	0.678
0.221	0.0141674	0.68
0.221	0.0135101	0.682
0.221	0.0128832	0.684
0.221	0.0122852	0.686
0.221	0.011715	0.688
0.221	0.0111711	0.69
0.221	0.0106524	0.692
0.221	0.0101577	0.694
0.221	0.00968596	0.696
0.221	0.00923601	0.698
0.221	0.00880689	0.7
0.221	0.00839765	0.702
0.221	0.00800736	0.704
0.221	0.00763515	0.706
0.221	0.00728018	0.708
0.221	0.00694165	0.71
0.221	0.00661881	0.712
0.221	0.00631094	0.714
0.221	0.00601733	0.716
0.221	0.00573733	0.718
0.221	0.00547032	0.72
0.221	0.00521568	0.722
0.221	0.00497285	0.724
0.221	0.00474129	0.726
0.221	0.00452047	0.728
0.221	0.00430989	0.73
0.221	0.00410908	0.732
0.221	0.0039176	0.734
0.221	0.003735	0.736
0.221	0.00356088	0.738
0.221	0.00339484	0.74
0.221	0.00323651	0.742
0.221	0.00308554	0.744
0.221	0.00294158	0.746
0.221	0.00280431	0.748
0.221	0.00267342	0.75
0.221	0.00254861	0.752
0.221	0.0024296	0.754
0.221	0.00231613	0.756
0.221	0.00220793	0.758
0.221	0.00210476	0.76
0.221	0.0020064	0.762
0.221	0.00191261	0.764
0.221	0.00182318	0.766
0.221	0.00173792	0.768
0.221	0.00165662	0.77
0.221	0.00157911	0.772
0.221	0.00150521	0.774
0.221	0.00143475	0.776
0.221	0.00136758	0.778
0.221	0.00130353	0.78
0.221	0.00124247	0.782
0.221	0.00118425	0.784
0.221	0.00112875	0.786
0.221	0.00107584	0.788
0.221	0.0010254	0.79
0.221	0.000977304	0.792
0.221	0.000931456	0.794
0.221	0.000887749	0.796
0.221	0.000846081	0.798
0.221	0.000806359	0.8
0.221	0.000768492	0.802
0.223	0.394944	0.54
0.223	0.377014	0.542
0.223	0.359898	0.544
0.223	0.343558	0.546
0.223	0.32796	0.548
0.223	0.313069	0.55
0.223	0.298854	0.552
0.223	0.285283	0.554
0.223	0.272328	0.556
0.223	0.259962	0.558
0.223	0.248156	0.56
0.223	0.236885	0.562
0.223	0.226126	0.564
0.223	0.215856	0.566
0.223	0.206051	0.568
0.223	0.196691	0.57
0.223	0.187756	0.572
0.223	0.179226	0.574
0.223	0.171083	0.576
0.223	0.16331	0.578
0.223	0.155889	0.58
0.223	0.148806	0.582
0.223	0.142043	0.584
0.223	0.135588	0.586
0.223	0.129425	0.588
0.223	0.123543	0.59
0.223	0.117927	0.592
0.223	0.112566	0.594
0.223	0.107448	0.596
0.223	0.102563	0.598
0.223	0.0978997	0.6
0.223	0.0934478	0.602
0.223	0.0891981	0.604
0.223	0.0851414	0.606
0.223	0.0812688	0.608
0.223	0.077572	0.61
0.223	0.0740431	0.612
0.223	0.0706744	0.614
0.223	0.0674587	0.616
0.223	0.0643891	0.618
0.223	0.0614588	0.62
0.223	0.0586617	0.622
0.223	0.0559916	0.624
0.223	0.0534428	0.626
0.223	0.0510097	0.628
0.223	0.0486872	0.63
0.223	0.0464702	0.632
0.223	0.044354	0.634
0.223	0.0423339	0.636
0.223	0.0404056	0.638
0.223	0.038565	0.64
0.223	0.0368079	0.642
0.223	0.0351308	0.644
0.223	0.0335299	0.646
0.223	0.0320018	0.648
0.223	0.0305431	0.65
0.223	0.0291508	0.652
0.223	0.0278217	0.654
0.223	0.0265532	0.656
0.223	0.0253423	0.658
0.223	0.0241864	0.66
0.223	0.0230832	0.662
0.223	0.0220301	0.664
0.223	0.021025	0.666
0.223	0.0200656	0.668
0.223	0.0191498	0.67
0.223	0.0182757	0.672
0.223	0.0174414	0.674
0.223	0.0166451	0.676
0.223	0.015885	0.678
0.223	0.0151596	0.68
0.223	0.0144671	0.682
0.223	0.0138062	0.684
0.223	0.0131754	0.686
0.223	0.0125733	0.688
0.223	0.0119987	0.69
0.223	0.0114502	0.692
0.223	0.0109267	0.694
0.223	0.0104271	0.696
0.223	0.00995025	0.698
0.223	0.00949513	0.7
0.223	0.00906076	0.702
0.223	0.00864618	0.704
0.223	0.00825052	0.706
0.223	0.00787289	0.708
0.223	0.00751249	0.71
0.223	0.00716852	0.712
0.223	0.00684025	0.714
0.223	0.00652696	0.716
0.223	0.00622796	0.718
0.223	0.00594261	0.72
0.223	0.00567028	0.722
0.223	0.00541039	0.724
0.223	0.00516236	0.726
0.223	0.00492566	0.728
0.223	0.00469977	0.73
0.223	0.00448419	0.732
0.223	0.00427847	0.734
0.223	0.00408215	0.736
0.223	0.00389479	0.738
0.223	0.00371601	0.74
0.223	0.00354539	0.742
0.223	0.00338258	0.744
0.223	0.00322721	0.746
0.223	0.00307894	0.748
0.223	0.00293746	0.75
0.223	0.00280245	0.752
0.223	0.00267362	0.754
0.223	0.00255069	0.756
0.223	0.00243338	0.758
0.223	0.00232145	0.76
0.223	0.00221464	0.762
0.223	0.00211272	0.764
0.223	0.00201547	0.766
0.223	0.00192267	0.768
0.223	0.00183413	0.77
0.223	0.00174965	0.772
0.223	0.00166904	0.774
0.223	0.00159212	0.776
0.223	0.00151873	0.778
0.223	0.00144871	0.78
0.223	0.0013819	0.782
0.223	0.00131816	0.784
0.223	0.00125734	0.786
0.223	0.00119932	0.788
0.223	0.00114395	0.79
0.223	0.00109113	0.792
0.223	0.00104074	0.794
0.223	0.000992663	0.796
0.223	0.000946794	0.798
0.223	0.000903033	0.8
0.223	0.000861284	0.802
0.225	0.400763	0.54
0.225	0.382849	0.542
0.225	0.365735	0.544
0.225	0.349386	0.546
0.225	0.333767	0.548
0.225	0.318845	0.55
0.225	0.30459	0.552
0.225	0.290972	0.554
0.225	0.277963	0.556
0.225	0.265534	0.558
0.225	0.25366	0.56
0.225	0.242317	0.562
0.225	0.231481	0.564
0.225	0.221129	0.566
0.225	0.211239	0.568
0.225	0.201791	0.57
0.225	0.192765	0.572
0.225	0.184143	0.574
0.225	0.175905	0.576
0.225	0.168036	0.578
0.225	0.160518	0.58
0.225	0.153336	0.582
0.225	0.146475	0.584
0.225	0.139921	0.586
0.225	0.133659	0.588
0.225	0.127677	0.59
0.225	0.121963	0.592
0.225	0.116504	0.594
0.225	0.111289	0.596
0.225	0.106307	0.598
0.225	0.101547	0.6
0.225	0.0970006	0.602
0.225	0.0926572	0.604
0.225	0.0885079	0.606
0.225	0.0845441	0.608
0.225	0.0807575	0.61
0.225	0.0771402	0.612
0.225	0.0736846	0.614
0.225	0.0703835	0.616
0.225	0.06723	0.618
0.225	0.0642175	0.62
0.225	0.0613398	0.622
0.225	0.0585907	0.624
0.225	0.0559646	0.626
0.225	0.0534559	0.628
0.225	0.0510595	0.63
0.225	0.0487702	0.632
0.225	0.0465834	0.634
0.225	0.0444944	0.636
0.225	0.0424989	0.638
0.225	0.0405926	0.64
0.225	0.0387717	0.642
0.225	0.0370322	0.644
0.225	0.0353706	0.646
0.225	0.0337834	0.648
0.225	0.0322672	0.65
0.225	0.0308189	0.652
0.225	0.0294354	0.654
0.225	0.0281139	0.656
0.225	0.0268515	0.658
0.225	0.0256457	0.66
0.225	0.0244939	0.662
0.225	0.0233937	0.664
0.225	0.0223427	0.666
0.225	0.0213388	0.668
0.225	0.0203799	0.67
0.225	0.019464	0.672
0.225	0.0185891	0.674
0.225	0.0177535	0.676
0.225	0.0169552	0.678
0.225	0.0161928	0.68
0.225	0.0154645	0.682
0.225	0.0147689	0.684
0.225	0.0141045	0.686
0.225	0.0134699	0.688
0.225	0.0128637	0.69
0.225	0.0122847	0.692
0.225	0.0117317	0.694
0.225	0.0112035	0.696
0.225	0.0106991	0.698
0.225	0.0102172	0.7
0.225	0.00975698	0.702
0.225	0.00931742	0.704
0.225	0.00889759	0.706
0.225	0.0084966	0.708
0.225	0.00811363	0.71
0.225	0.00774785	0.712
0.225	0.0073985	0.714
0.225	0.00706485	0.716
0.225	0.00674618	0.718
0.225	0.00644184	0.72
0.225	0.00615117	0.722
0.225	0.00587357	0.724
0.225	0.00560844	0.726
0.225	0.00535524	0.728
0.225	0.00511342	0.73
0.225	0.00488248	0.732
0.225	0.00466193	0.734
0.225	0.00445129	0.736
0.225	0.00425014	0.738
0.225	0.00405804	0.74
0.225	0.00387458	0.742
0.225	0.00369938	0.744
0.225	0.00353207	0.746
0.225	0.0033723	0.748
0.225	0.00321972	0.75
0.225	0.00307401	0.752
0.225	0.00293487	0.754
0.225	0.00280199	0.756
0.225	0.00267511	0.758
0.225	0.00255395	0.76
0.225	0.00243824	0.762
0.225	0.00232776	0.764
0.225	0.00222226	0.766
0.225	0.00212151	0.768
0.225	0.00202532	0.77
0.225	0.00193346	0.772
0.225	0.00184575	0.774
0.225	0.001762	0.776
0.225	0.00168203	0.778
0.225	0.00160567	0.78
0.225	0.00153276	0.782
0.225	0.00146314	0.784
0.225	0.00139667	0.786
0.225	0.00133321	0.788
0.225	0.00127261	0.79
0.225	0.00121475	0.792
0.225	0.00115951	0.794
0.225	0.00110677	0.796
0.225	0.00105641	0.798
0.225	0.00100834	0.8
0.225	0.000962436	0.802
0.227	0.406514	0.54
0.227	0.38862	0.542
0.227	0.371513	0.544
0.227	0.355158	0.546
0.227	0.339523	0.548
0.227	0.324576	0.55
0.227	0.310286	0.552
0.227	0.296624	0.554
0.227	0.283564	0.556
0.227	0.271078	0.558
0.227	0.259141	0.56
0.227	0.24773	0.562
0.227	0.23682	0.564
0.227	0.22639	0.566
0.227	0.21642	0.568
0.227	0.206887	0.57
0.227	0.197774	0.572
0.227	0.189063	0.574
0.227	0.180734	0.576
0.227	0.172772	0.578
0.227	0.16516	0.58
0.227	0.157883	0.582
0.227	0.150926	0.584
0.227	0.144275	0.586
0.227	0.137917	0.588
0.227	0.131839	0.59
0.227	0.126028	0.592
0.227	0.120473	0.594
0.227	0.115162	0.596
0.227	0.110085	0.598
0.227	0.105232	0.6
0.227	0.100592	0.602
0.227	0.0961563	0.604
0.227	0.0919159	0.606
0.227	0.0878622	0.608
0.227	0.0839869	0.61
0.227	0.0802822	0.612
0.227	0.0767407	0.614
0.227	0.073355	0.616
0.227	0.0701185	0.618
0.227	0.0670244	0.62
0.227	0.0640666	0.622
0.227	0.0612391	0.624
0.227	0.058536	0.626
0.227	0.0559521	0.628
0.227	0.0534819	0.63
0.227	0.0511206	0.632
0.227	0.0488633	0.634
0.227	0.0467054	0.636
0.227	0.0446426	0.638
0.227	0.0426707	0.64
0.227	0.0407857	0.642
0.227	0.0389837	0.644
0.227	0.0372612	0.646
0.227	0.0356146	0.648
0.227	0.0340406	0.65
0.227	0.0325359	0.652
0.227	0.0310976	0.654
0.227	0.0297227	0.656
0.227	0.0284084	0.658
0.227	0.0271521	0.66
0.227	0.0259512	0.662
0.227	0.0248033	0.664
0.227	0.023706	0.666
0.227	0.022657	0.668
0.227	0.0216544	0.67
0.227	0.020696	0.672
0.227	0.0197799	0.674
0.227	0.0189043	0.676
0.227	0.0180672	0.678
0.227	0.0172672	0.68
0.227	0.0165024	0.682
0.227	0.0157714	0.684
0.227	0.0150727	0.686
0.227	0.0144048	0.688
0.227	0.0137665	0.69
0.227	0.0131563	0.692
0.227	0.0125731	0.694
0.227	0.0120156	0.696
0.227	0.0114828	0.698
0.227	0.0109735	0.7
0.227	0.0104868	0.702
0.227	0.0100215	0.704
0.227	0.00957682	0.706
0.227	0.00915179	0.708
0.227	0.00874556	0.71
0.227	0.0083573	0.712
0.227	0.0079862	0.714
0.227	0.00763153	0.716
0.227	0.00729254	0.718
0.227	0.00696856	0.72
0.227	0.00665891	0.722
0.227	0.00636296	0.724
0.227	0.00608012	0.726
0.227	0.0058098	0.728
0.227	0.00555145	0.73
0.227	0.00530454	0.732
0.227	0.00506857	0.734
0.227	0.00484305	0.736
0.227	0.00462752	0.738
0.227	0.00442154	0.74
0.227	0.0042247	0.742
0.227	0.00403657	0.744
0.227	0.00385679	0.746
0.227	0.00368498	0.748
0.227	0.00352079	0.75
0.227	0.00336388	0.752
0.227	0.00321394	0.754
0.227	0.00307065	0.756
0.227	0.00293371	0.758
0.227	0.00280286	0.76
0.227	0.00267781	0.762
0.227	0.00255832	0.764
0.227	0.00244413	0.766
0.227	0.00233501	0.768
0.227	0.00223075	0.77
0.227	0.00213111	0.772
0.227	0.0020359	0.774
0.227	0.00194493	0.776
0.227	0.001858	0.778
0.227	0.00177494	0.78
0.227	0.00169557	0.782
0.227	0.00161973	0.784
0.227	0.00154726	0.786
0.227	0.00147803	0.788
0.227	0.00141187	0.79
0.227	0.00134866	0.792
0.227	0.00128826	0.794
0.227	0.00123055	0.796
0.227	0.00117542	0.798
0.227	0.00112274	0.8
0.227	0.00107241	0.802
0.229	0.412199	0.54
0.229	0.394328	0.542
0.229	0.377232	0.544
0.229	0.360876	0.546
0.229	0.345229	0.548
0.229	0.330259	0.55
0.229	0.315938	0.552
0.229	0.302238	0.554
0.229	0.289131	0.556
0.229	0.276592	0.558
0.229	0.264596	0.56
0.229	0.25312	0.562
0.229	0.242142	0.564
0.229	0.231638	0.566
0.229	0.22159	0.568
0.229	0.211978	0.57
0.229	0.202781	0.572
0.229	0.193984	0.574
0.229	0.185567	0.576
0.229	0.177515	0.578
0.229	0.169812	0.58
0.229	0.162443	0.582
0.229	0.155393	0.584
0.229	0.148649	0.586
0.229	0.142197	0.588
0.229	0.136025	0.59
0.229	0.13012	0.592
0.229	0.124471	0.594
0.229	0.119067	0.596
0.229	0.113897	0.598
0.229	0.108951	0.6
0.229	0.10422	0.602
0.229	0.0996934	0.604
0.229	0.0953634	0.606
0.229	0.091221	0.608
0.229	0.0872583	0.61
0.229	0.0834674	0.612
0.229	0.0798408	0.614
0.229	0.0763716	0.616
0.229	0.0730527	0.618
0.229	0.0698778	0.62
0.229	0.0668406	0.622
0.229	0.0639351	0.624
0.229	0.0611557	0.626
0.229	0.0584968	0.628
0.229	0.0559532	0.63
0.229	0.05352	0.632
0.229	0.0511924	0.634
0.229	0.0489658	0.636
0.229	0.0468358	0.638
0.229	0.0447982	0.64
0.229	0.042849	0.642
0.229	0.0409845	0.644
0.229	0.0392008	0.646
0.229	0.0374946	0.648
0.229	0.0358625	0.65
0.229	0.0343012	0.652
0.229	0.0328077	0.654
0.229	0.0313791	0.656
0.229	0.0300125	0.658
0.229	0.0287053	0.66
0.229	0.0274548	0.662
0.229	0.0262587	0.664
0.229	0.0251145	0.666
0.229	0.02402	0.668
0.229	0.0229731	0.67
0.229	0.0219717	0.672
0.229	0.0210138	0.674
0.229	0.0200975	0.676
0.229	0.0192211	0.678
0.229	0.0183827	0.68
0.229	0.0175808	0.682
0.229	0.0168138	0.684
0.229	0.0160801	0.686
0.229	0.0153784	0.688
0.229	0.0147071	0.69
0.229	0.0140651	0.692
0.229	0.013451	0.694
0.229	0.0128636	0.696
0.229	0.0123018	0.698
0.229	0.0117644	0.7
0.229	0.0112504	0.702
0.229	0.0107588	0.704
0.229	0.0102886	0.706
0.229	0.00983889	0.708
0.229	0.00940874	0.71
0.229	0.00899733	0.712
0.229	0.00860384	0.714
0.229	0.0082275	0.716
0.229	0.00786755	0.718
0.229	0.00752328	0.72
0.229	0.00719403	0.722
0.229	0.00687912	0.724
0.229	0.00657794	0.726
0.229	0.0062899	0.728
0.229	0.00601441	0.73
0.229	0.00575094	0.732
0.229	0.00549897	0.734
0.229	0.00525799	0.736
0.229	0.00502752	0.738
0.229	0.00480711	0.74
0.229	0.00459632	0.742
0.229	0.00439474	0.744
0.229	0.00420195	0.746
0.229	0.00401759	0.748
0.229	0.00384128	0.75
0.229	0.00367267	0.752
0.229	0.00351142	0.754
0.229	0.00335723	0.756
0.229	0.00320977	0.758
0.229	0.00306876	0.76
0.229	0.00293391	0.762
0.229	0.00280496	0.764
0.229	0.00268165	0.766
0.229	0.00256374	0.768
0.229	0.00245098	0.77
0.229	0.00234316	0.772
0.229	0.00224006	0.774
0.229	0.00214147	0.776
0.229	0.0020472	0.778
0.229	0.00195706	0.78
0.229	0.00187086	0.782
0.229	0.00178844	0.784
0.229	0.00170964	0.786
0.229	0.00163428	0.788
0.229	0.00156223	0.79
0.229	0.00149334	0.792
0.229	0.00142748	0.794
0.229	0.0013645	0.796
0.229	0.00130428	0.798
0.229	0.00124671	0.8
0.229	0.00119166	0.802
0.231	0.417816	0.54
0.231	0.399973	0.542
0.231	0.382891	0.544
0.231	0.366537	0.546
0.231	0.350882	0.548
0.231	0.335895	0.55
0.231	0.321547	0.552
0.231	0.307812	0.554
0.231	0.294663	0.556
0.231	0.282075	0.558
0.231	0.270024	0.56
0.231	0.258488	0.562
0.231	0.247444	0.564
0.231	0.236871	0.566
0.231	0.226749	0.568
0.231	0.21706		0.57
0.231	0.207784	0.572
0.231	0.198904	0.574
0.231	0.190403	0.576
0.231	0.182265	0.578
0.231	0.174474	0.58
0.231	0.167015	0.582
0.231	0.159875	0.584
0.231	0.15304		0.586
0.231	0.146497	0.588
0.231	0.140233	0.59
0.231	0.134236	0.592
0.231	0.128496	0.594
0.231	0.123	0.596
0.231	0.117739	0.598
0.231	0.112703	0.6
0.231	0.107882	0.602
0.231	0.103266	0.604
0.231	0.0988482	0.606
0.231	0.0946187	0.608
0.231	0.0905697	0.61
0.231	0.0866937	0.612
0.231	0.0829833	0.614
0.231	0.0794313	0.616
0.231	0.0760311	0.618
0.231	0.0727761	0.62
0.231	0.0696602	0.622
0.231	0.0666773	0.624
0.231	0.063822	0.626
0.231	0.0610886	0.628
0.231	0.058472	0.63
0.231	0.0559673	0.632
0.231	0.0535696	0.634
0.231	0.0512744	0.636
0.231	0.0490772	0.638
0.231	0.046974	0.64
0.231	0.0449607	0.642
0.231	0.0430335	0.644
0.231	0.0411887	0.646
0.231	0.0394227	0.648
0.231	0.0377323	0.65
0.231	0.0361142	0.652
0.231	0.0345652	0.654
0.231	0.0330825	0.656
0.231	0.0316633	0.658
0.231	0.0303047	0.66
0.231	0.0290043	0.662
0.231	0.0277595	0.664
0.231	0.026568	0.666
0.231	0.0254275	0.668
0.231	0.0243358	0.67
0.231	0.0232908	0.672
0.231	0.0222906	0.674
0.231	0.0213331	0.676
0.231	0.0204167	0.678
0.231	0.0195395	0.68
0.231	0.0186999	0.682
0.231	0.0178962	0.684
0.231	0.017127	0.686
0.231	0.0163907	0.688
0.231	0.0156859	0.69
0.231	0.0150114	0.692
0.231	0.0143658	0.694
0.231	0.0137478	0.696
0.231	0.0131563	0.698
0.231	0.0125902	0.7
0.231	0.0120484	0.702
0.231	0.0115297	0.704
0.231	0.0110334	0.706
0.231	0.0105583	0.708
0.231	0.0101036	0.71
0.231	0.00966838	0.712
0.231	0.00925186	0.714
0.231	0.00885321	0.716
0.231	0.00847166	0.718
0.231	0.0081065	0.72
0.231	0.00775701	0.722
0.231	0.00742253	0.724
0.231	0.00710242	0.726
0.231	0.00679605	0.728
0.231	0.00650284	0.73
0.231	0.00622223	0.732
0.231	0.00595367	0.734
0.231	0.00569666	0.736
0.231	0.00545069	0.738
0.231	0.0052153	0.74
0.231	0.00499003	0.742
0.231	0.00477444	0.744
0.231	0.00456813	0.746
0.231	0.00437069	0.748
0.231	0.00418174	0.75
0.231	0.00400093	0.752
0.231	0.00382789	0.754
0.231	0.00366231	0.756
0.231	0.00350385	0.758
0.231	0.00335222	0.76
0.231	0.00320712	0.762
0.231	0.00306826	0.764
0.231	0.00293539	0.766
0.231	0.00280825	0.768
0.231	0.00268658	0.77
0.231	0.00257016	0.772
0.231	0.00245876	0.774
0.231	0.00235216	0.776
0.231	0.00225016	0.778
0.231	0.00215256	0.78
0.231	0.00205917	0.782
0.231	0.00196981	0.784
0.231	0.0018843	0.786
0.231	0.00180249	0.788
0.231	0.00172421	0.79
0.231	0.00164932	0.792
0.231	0.00157765	0.794
0.231	0.00150909	0.796
0.231	0.00144348	0.798
0.231	0.00138072	0.8
0.231	0.00132066	0.802
0.233	0.423367	0.54
0.233	0.405554	0.542
0.233	0.38849	0.544
0.233	0.372143	0.546
0.233	0.356484	0.548
0.233	0.341483	0.55
0.233	0.327112	0.552
0.233	0.313346	0.554
0.233	0.300159	0.556
0.233	0.287526	0.558
0.233	0.275424	0.56
0.233	0.263831	0.562
0.233	0.252725	0.564
0.233	0.242087	0.566
0.233	0.231895	0.568
0.233	0.222132	0.57
0.233	0.21278	0.572
0.233	0.203821	0.574
0.233	0.195239	0.576
0.233	0.187017	0.578
0.233	0.179142	0.58
0.233	0.171597	0.582
0.233	0.16437	0.584
0.233	0.157446	0.586
0.233	0.150814	0.588
0.233	0.144461	0.59
0.233	0.138375	0.592
0.233	0.132545	0.594
0.233	0.12696	0.596
0.233	0.12161	0.598
0.233	0.116485	0.6
0.233	0.111576	0.602
0.233	0.106873	0.604
0.233	0.102369	0.606
0.233	0.0980532	0.608
0.233	0.0939194	0.61
0.233	0.0899595	0.612
0.233	0.0861662	0.614
0.233	0.0825326	0.616
0.233	0.0790519	0.618
0.233	0.0757176	0.62
0.233	0.0725237	0.622
0.233	0.0694642	0.624
0.233	0.0665335	0.626
0.233	0.0637262	0.628
0.233	0.061037	0.63
0.233	0.0584611	0.632
0.233	0.0559936	0.634
0.233	0.05363	0.636
0.233	0.0513659	0.638
0.233	0.0491972	0.64
0.233	0.0471198	0.642
0.233	0.0451299	0.644
0.233	0.0432238	0.646
0.233	0.0413981	0.648
0.233	0.0396492	0.65
0.233	0.037974	0.652
0.233	0.0363694	0.654
0.233	0.0348324	0.656
0.233	0.0333602	0.658
0.233	0.03195	0.66
0.233	0.0305992	0.662
0.233	0.0293054	0.664
0.233	0.0280662	0.666
0.233	0.0268792	0.668
0.233	0.0257422	0.67
0.233	0.0246532	0.672
0.233	0.0236101	0.674
0.233	0.022611	0.676
0.233	0.021654	0.678
0.233	0.0207374	0.68
0.233	0.0198595	0.682
0.233	0.0190186	0.684
0.233	0.0182132	0.686
0.233	0.0174418	0.688
0.233	0.016703	0.69
0.233	0.0159953	0.692
0.233	0.0153175	0.694
0.233	0.0146684	0.696
0.233	0.0140466	0.698
0.233	0.0134511	0.7
0.233	0.0128808	0.702
0.233	0.0123345	0.704
0.233	0.0118114	0.706
0.233	0.0113103	0.708
0.233	0.0108304	0.71
0.233	0.0103708	0.712
0.233	0.00993064	0.714
0.233	0.00950907	0.716
0.233	0.00910532	0.718
0.233	0.00871865	0.72
0.233	0.00834833	0.722
0.233	0.00799368	0.724
0.233	0.00765402	0.726
0.233	0.00732874	0.728
0.233	0.00701723	0.73
0.233	0.0067189	0.732
0.233	0.00643319	0.734
0.233	0.00615959	0.736
0.233	0.00589756	0.738
0.233	0.00564664	0.74
0.233	0.00540634	0.742
0.233	0.00517622	0.744
0.233	0.00495585	0.746
0.233	0.00474482	0.748
0.233	0.00454274	0.75
0.233	0.00434922	0.752
0.233	0.0041639	0.754
0.233	0.00398645	0.756
0.233	0.00381652	0.758
0.233	0.00365379	0.76
0.233	0.00349797	0.762
0.233	0.00334877	0.764
0.233	0.00320589	0.766
0.233	0.00306908	0.768
0.233	0.00293808	0.77
0.233	0.00281265	0.772
0.233	0.00269254	0.774
0.233	0.00257753	0.776
0.233	0.00246741	0.778
0.233	0.00236196	0.78
0.233	0.002261	0.782
0.233	0.00216434	0.784
0.233	0.00207178	0.786
0.233	0.00198316	0.788
0.233	0.00189831	0.79
0.233	0.00181707	0.792
0.233	0.00173928	0.794
0.233	0.00166481	0.796
0.233	0.00159351	0.798
0.233	0.00152524	0.8
0.233	0.00145988	0.802
0.235	0.428851	0.54
0.235	0.411072	0.542
0.235	0.394029	0.544
0.235	0.377692	0.546
0.235	0.362032	0.548
0.235	0.347021	0.55
0.235	0.332632	0.552
0.235	0.318838	0.554
0.235	0.305617	0.556
0.235	0.292942	0.558
0.235	0.280793	0.56
0.235	0.269148	0.562
0.235	0.257984	0.564
0.235	0.247283	0.566
0.235	0.237026	0.568
0.235	0.227193	0.57
0.235	0.217768	0.572
0.235	0.208734	0.574
0.235	0.200073	0.576
0.235	0.191772	0.578
0.235	0.183814	0.58
0.235	0.176186	0.582
0.235	0.168874	0.584
0.235	0.161866	0.586
0.235	0.155147	0.588
0.235	0.148707	0.59
0.235	0.142534	0.592
0.235	0.136617	0.594
0.235	0.130945	0.596
0.235	0.125508	0.598
0.235	0.120296	0.6
0.235	0.115301	0.602
0.235	0.110512	0.604
0.235	0.105922	0.606
0.235	0.101523	0.608
0.235	0.0973052	0.61
0.235	0.0932627	0.612
0.235	0.0893878	0.614
0.235	0.0856736	0.616
0.235	0.0821133	0.618
0.235	0.0787007	0.62
0.235	0.0754296	0.622
0.235	0.0722942	0.624
0.235	0.0692888	0.626
0.235	0.066408	0.628
0.235	0.0636468	0.63
0.235	0.0610001	0.632
0.235	0.0584631	0.634
0.235	0.0560315	0.636
0.235	0.0537007	0.638
0.235	0.0514666	0.64
0.235	0.0493252	0.642
0.235	0.0472727	0.644
0.235	0.0453054	0.646
0.235	0.0434197	0.648
0.235	0.0416123	0.65
0.235	0.0398799	0.652
0.235	0.0382195	0.654
0.235	0.036628	0.656
0.235	0.0351025	0.658
0.235	0.0336405	0.66
0.235	0.0322391	0.662
0.235	0.0308959	0.664
0.235	0.0296085	0.666
0.235	0.0283746	0.668
0.235	0.027192	0.67
0.235	0.0260585	0.672
0.235	0.0249721	0.674
0.235	0.0239308	0.676
0.235	0.0229328	0.678
0.235	0.0219763	0.68
0.235	0.0210596	0.682
0.235	0.020181	0.684
0.235	0.0193389	0.686
0.235	0.0185318	0.688
0.235	0.0177583	0.69
0.235	0.0170169	0.692
0.235	0.0163064	0.694
0.235	0.0156255	0.696
0.235	0.0149729	0.698
0.235	0.0143474	0.7
0.235	0.013748	0.702
0.235	0.0131735	0.704
0.235	0.0126229	0.706
0.235	0.0120953	0.708
0.235	0.0115896	0.71
0.235	0.011105	0.712
0.235	0.0106406	0.714
0.235	0.0101955	0.716
0.235	0.00976891	0.718
0.235	0.00936014	0.72
0.235	0.00896839	0.722
0.235	0.00859298	0.724
0.235	0.00823321	0.726
0.235	0.00788844	0.728
0.235	0.00755805	0.73
0.235	0.00724143	0.732
0.235	0.00693802	0.734
0.235	0.00664726	0.736
0.235	0.00636863	0.738
0.235	0.00610163	0.74
0.235	0.00584578	0.742
0.235	0.0056006	0.744
0.235	0.00536566	0.746
0.235	0.00514052	0.748
0.235	0.00492479	0.75
0.235	0.00471807	0.752
0.235	0.00451998	0.754
0.235	0.00433017	0.756
0.235	0.00414829	0.758
0.235	0.00397401	0.76
0.235	0.00380702	0.762
0.235	0.00364701	0.764
0.235	0.00349369	0.766
0.235	0.00334678	0.768
0.235	0.00320602	0.77
0.235	0.00307115	0.772
0.235	0.00294192	0.774
0.235	0.0028181	0.776
0.235	0.00269946	0.778
0.235	0.0025858	0.78
0.235	0.00247689	0.782
0.235	0.00237254	0.784
0.235	0.00227257	0.786
0.235	0.00217678	0.788
0.235	0.00208501	0.79
0.235	0.00199708	0.792
0.235	0.00191285	0.794
0.235	0.00183214	0.796
0.235	0.00175482	0.798
0.235	0.00168075	0.8
0.235	0.00160978	0.802
0.237	0.434269	0.54
0.237	0.416527	0.542
0.237	0.399508	0.544
0.237	0.383185	0.546
0.237	0.367528	0.548
0.237	0.35251	0.55
0.237	0.338105	0.552
0.237	0.324289	0.554
0.237	0.311036	0.556
0.237	0.298324	0.558
0.237	0.286132	0.56
0.237	0.274437	0.562
0.237	0.26322	0.564
0.237	0.25246	0.566
0.237	0.24214	0.568
0.237	0.232241	0.57
0.237	0.222746	0.572
0.237	0.213639	0.574
0.237	0.204904	0.576
0.237	0.196526	0.578
0.237	0.188489	0.58
0.237	0.180781	0.582
0.237	0.173387	0.584
0.237	0.166296	0.586
0.237	0.159494	0.588
0.237	0.15297	0.59
0.237	0.146712	0.592
0.237	0.140709	0.594
0.237	0.134952	0.596
0.237	0.12943	0.598
0.237	0.124134	0.6
0.237	0.119054	0.602
0.237	0.114181	0.604
0.237	0.109508	0.606
0.237	0.105025	0.608
0.237	0.100726	0.61
0.237	0.0966017	0.612
0.237	0.0926463	0.614
0.237	0.0888526	0.616
0.237	0.0852138	0.618
0.237	0.0817238	0.62
0.237	0.0783763	0.622
0.237	0.0751657	0.624
0.237	0.0720863	0.626
0.237	0.0691327	0.628
0.237	0.0662999	0.63
0.237	0.0635829	0.632
0.237	0.0609769	0.634
0.237	0.0584775	0.636
0.237	0.0560803	0.638
0.237	0.0537811	0.64
0.237	0.0515759	0.642
0.237	0.0494609	0.644
0.237	0.0474324	0.646
0.237	0.0454868	0.648
0.237	0.0436209	0.65
0.237	0.0418312	0.652
0.237	0.0401148	0.654
0.237	0.0384686	0.656
0.237	0.0368898	0.658
0.237	0.0353756	0.66
0.237	0.0339233	0.662
0.237	0.0325305	0.664
0.237	0.0311947	0.666
0.237	0.0299135	0.668
0.237	0.0286848	0.67
0.237	0.0275065	0.672
0.237	0.0263763	0.674
0.237	0.0252925	0.676
0.237	0.024253	0.678
0.237	0.0232562	0.68
0.237	0.0223001	0.682
0.237	0.0213832	0.684
0.237	0.0205039	0.686
0.237	0.0196606	0.688
0.237	0.0188519	0.69
0.237	0.0180763	0.692
0.237	0.0173325	0.694
0.237	0.0166193	0.696
0.237	0.0159352	0.698
0.237	0.0152792	0.7
0.237	0.0146501	0.702
0.237	0.0140468	0.704
0.237	0.0134683	0.706
0.237	0.0129135	0.708
0.237	0.0123814	0.71
0.237	0.0118712	0.712
0.237	0.0113819	0.714
0.237	0.0109127	0.716
0.237	0.0104628	0.718
0.237	0.0100313	0.72
0.237	0.00961759	0.722
0.237	0.00922084	0.724
0.237	0.00884039	0.726
0.237	0.00847556	0.728
0.237	0.00812573	0.73
0.237	0.00779027	0.732
0.237	0.0074686	0.734
0.237	0.00716015	0.736
0.237	0.00686438	0.738
0.237	0.00658077	0.74
0.237	0.00630882	0.742
0.237	0.00604807	0.744
0.237	0.00579803	0.746
0.237	0.00555829	0.748
0.237	0.00532841	0.75
0.237	0.00510799	0.752
0.237	0.00489664	0.754
0.237	0.004694	0.756
0.237	0.0044997	0.758
0.237	0.0043134	0.76
0.237	0.00413478	0.762
0.237	0.00396351	0.764
0.237	0.0037993	0.766
0.237	0.00364186	0.768
0.237	0.00349091	0.77
0.237	0.00334619	0.772
0.237	0.00320743	0.774
0.237	0.00307439	0.776
0.237	0.00294684	0.778
0.237	0.00282456	0.78
0.237	0.00270732	0.782
0.237	0.00259492	0.784
0.237	0.00248716	0.786
0.237	0.00238385	0.788
0.237	0.00228481	0.79
0.237	0.00218986	0.792
0.237	0.00209883	0.794
0.237	0.00201156	0.796
0.237	0.0019279	0.798
0.237	0.0018477	0.8
0.237	0.00177082	0.802
0.239	0.439621	0.54
0.239	0.421918	0.542
0.239	0.404928	0.544
0.239	0.388621	0.546
0.239	0.37297	0.548
0.239	0.357949	0.55
0.239	0.343533	0.552
0.239	0.329696	0.554
0.239	0.316416	0.556
0.239	0.303671	0.558
0.239	0.291438	0.56
0.239	0.279698	0.562
0.239	0.26843	0.564
0.239	0.257615	0.566
0.239	0.247236	0.568
0.239	0.237274	0.57
0.239	0.227713	0.572
0.239	0.218537	0.574
0.239	0.20973	0.576
0.239	0.201277	0.578
0.239	0.193165	0.58
0.239	0.185379	0.582
0.239	0.177907	0.584
0.239	0.170735	0.586
0.239	0.163852	0.588
0.239	0.157246	0.59
0.239	0.150905	0.592
0.239	0.14482	0.594
0.239	0.13898	0.596
0.239	0.133375	0.598
0.239	0.127996	0.6
0.239	0.122833	0.602
0.239	0.117878	0.604
0.239	0.113123	0.606
0.239	0.108559	0.608
0.239	0.104178	0.61
0.239	0.0999745	0.612
0.239	0.0959399	0.614
0.239	0.0920678	0.616
0.239	0.0883516	0.618
0.239	0.0847851	0.62
0.239	0.0813622	0.622
0.239	0.0780772	0.624
0.239	0.0749245	0.626
0.239	0.0718988	0.628
0.239	0.068995	0.63
0.239	0.0662082	0.632
0.239	0.0635337	0.634
0.239	0.0609669	0.636
0.239	0.0585036	0.638
0.239	0.0561395	0.64
0.239	0.0538707	0.642
0.239	0.0516934	0.644
0.239	0.0496038	0.646
0.239	0.0475984	0.648
0.239	0.0456739	0.65
0.239	0.043827	0.652
0.239	0.0420546	0.654
0.239	0.0403536	0.656
0.239	0.0387212	0.658
0.239	0.0371547	0.66
0.239	0.0356513	0.662
0.239	0.0342086	0.664
0.239	0.032824	0.666
0.239	0.0314954	0.668
0.239	0.0302203	0.67
0.239	0.0289967	0.672
0.239	0.0278225	0.674
0.239	0.0266957	0.676
0.239	0.0256143	0.678
0.239	0.0245766	0.68
0.239	0.0235808	0.682
0.239	0.0226252	0.684
0.239	0.0217082	0.686
0.239	0.0208282	0.688
0.239	0.0199838	0.69
0.239	0.0191735	0.692
0.239	0.0183959	0.694
0.239	0.0176497	0.696
0.239	0.0169337	0.698
0.239	0.0162466	0.7
0.239	0.0155873	0.702
0.239	0.0149546	0.704
0.239	0.0143476	0.706
0.239	0.013765	0.708
0.239	0.013206	0.71
0.239	0.0126697	0.712
0.239	0.012155	0.714
0.239	0.0116611	0.716
0.239	0.0111873	0.718
0.239	0.0107326	0.72
0.239	0.0102963	0.722
0.239	0.00987761	0.724
0.239	0.00947592	0.726
0.239	0.00909049	0.728
0.239	0.00872067	0.73
0.239	0.00836582	0.732
0.239	0.00802535	0.734
0.239	0.00769867	0.736
0.239	0.00738523	0.738
0.239	0.00708449	0.74
0.239	0.00679594	0.742
0.239	0.00651908	0.744
0.239	0.00625345	0.746
0.239	0.00599859	0.748
0.239	0.00575407	0.75
0.239	0.00551946	0.752
0.239	0.00529438	0.754
0.239	0.00507842	0.756
0.239	0.00487123	0.758
0.239	0.00467245	0.76
0.239	0.00448174	0.762
0.239	0.00429877	0.764
0.239	0.00412323	0.766
0.239	0.00395483	0.768
0.239	0.00379326	0.77
0.239	0.00363826	0.772
0.239	0.00348956	0.774
0.239	0.0033469	0.776
0.239	0.00321004	0.778
0.239	0.00307875	0.78
0.239	0.0029528	0.782
0.239	0.00283197	0.784
0.239	0.00271606	0.786
0.239	0.00260486	0.788
0.239	0.00249819	0.79
0.239	0.00239586	0.792
0.239	0.0022977	0.794
0.239	0.00220354	0.796
0.239	0.00211321	0.798
0.239	0.00202657	0.8
0.239	0.00194345	0.802
0.241	0.444907	0.54
0.241	0.427247	0.542
0.241	0.410287	0.544
0.241	0.394	0.546
0.241	0.378359	0.548
0.241	0.363338	0.55
0.241	0.348913	0.552
0.241	0.33506	0.554
0.241	0.321756	0.556
0.241	0.30898	0.558
0.241	0.296711	0.56
0.241	0.284929	0.562
0.241	0.273614	0.564
0.241	0.262747	0.566
0.241	0.252312	0.568
0.241	0.242291	0.57
0.241	0.232667	0.572
0.241	0.223424	0.574
0.241	0.214549	0.576
0.241	0.206025	0.578
0.241	0.19784	0.58
0.241	0.189979	0.582
0.241	0.18243	0.584
0.241	0.175181	0.586
0.241	0.168219	0.588
0.241	0.161534	0.59
0.241	0.155113	0.592
0.241	0.148948	0.594
0.241	0.143027	0.596
0.241	0.137341	0.598
0.241	0.131881	0.6
0.241	0.126637	0.602
0.241	0.121601	0.604
0.241	0.116765	0.606
0.241	0.112122	0.608
0.241	0.107662	0.61
0.241	0.103379	0.612
0.241	0.0992669	0.614
0.241	0.0953176	0.616
0.241	0.0915251	0.618
0.241	0.0878831	0.62
0.241	0.0843857	0.622
0.241	0.0810271	0.624
0.241	0.077802	0.626
0.241	0.0747048	0.628
0.241	0.0717307	0.63
0.241	0.0688747	0.632
0.241	0.0661321	0.634
0.241	0.0634984	0.636
0.241	0.0609693	0.638
0.241	0.0585407	0.64
0.241	0.0562086	0.642
0.241	0.0539691	0.644
0.241	0.0518186	0.646
0.241	0.0497536	0.648
0.241	0.0477706	0.65
0.241	0.0458664	0.652
0.241	0.0440379	0.654
0.241	0.0422821	0.656
0.241	0.0405961	0.658
0.241	0.0389771	0.66
0.241	0.0374224	0.662
0.241	0.0359296	0.664
0.241	0.0344961	0.666
0.241	0.0331197	0.668
0.241	0.031798	0.67
0.241	0.0305288	0.672
0.241	0.0293102	0.674
0.241	0.02814	0.676
0.241	0.0270164	0.678
0.241	0.0259375	0.68
0.241	0.0249015	0.682
0.241	0.0239068	0.684
0.241	0.0229516	0.686
0.241	0.0220345	0.688
0.241	0.0211539	0.69
0.241	0.0203083	0.692
0.241	0.0194964	0.694
0.241	0.0187169	0.696
0.241	0.0179684	0.698
0.241	0.0172497	0.7
0.241	0.0165597	0.702
0.241	0.0158971	0.704
0.241	0.015261	0.706
0.241	0.0146502	0.708
0.241	0.0140637	0.71
0.241	0.0135006	0.712
0.241	0.01296	0.714
0.241	0.012441	0.716
0.241	0.0119426	0.718
0.241	0.0114641	0.72
0.241	0.0110047	0.722
0.241	0.0105636	0.724
0.241	0.0101402	0.726
0.241	0.00973358	0.728
0.241	0.00934324	0.73
0.241	0.00896848	0.732
0.241	0.00860868	0.734
0.241	0.00826324	0.736
0.241	0.00793161	0.738
0.241	0.00761322	0.74
0.241	0.00730755	0.742
0.241	0.00701409	0.744
0.241	0.00673236	0.746
0.241	0.00646189	0.748
0.241	0.00620223	0.75
0.241	0.00595296	0.752
0.241	0.00571365	0.754
0.241	0.00548391	0.756
0.241	0.00526336	0.758
0.241	0.00505164	0.76
0.241	0.00484839	0.762
0.241	0.00465327	0.764
0.241	0.00446596	0.766
0.241	0.00428616	0.768
0.241	0.00411355	0.77
0.241	0.00394785	0.772
0.241	0.0037888	0.774
0.241	0.00363611	0.776
0.241	0.00348955	0.778
0.241	0.00334886	0.78
0.241	0.00321381	0.782
0.241	0.00308417	0.784
0.241	0.00295973	0.786
0.241	0.00284029	0.788
0.241	0.00272563	0.79
0.241	0.00261558	0.792
0.241	0.00250994	0.794
0.241	0.00240855	0.796
0.241	0.00231122	0.798
0.241	0.00221781	0.8
0.241	0.00212815	0.802
0.243	0.450128	0.54
0.243	0.432513	0.542
0.243	0.415587	0.544
0.243	0.399322	0.546
0.243	0.383693	0.548
0.243	0.368676	0.55
0.243	0.354245	0.552
0.243	0.340379	0.554
0.243	0.327055	0.556
0.243	0.314253	0.558
0.243	0.30195	0.56
0.243	0.290129	0.562
0.243	0.27877	0.564
0.243	0.267855	0.566
0.243	0.257367	0.568
0.243	0.247289	0.57
0.243	0.237605	0.572
0.243	0.2283	0.574
0.243	0.219359	0.576
0.243	0.210768	0.578
0.243	0.202512	0.58
0.243	0.194579	0.582
0.243	0.186957	0.584
0.243	0.179633	0.586
0.243	0.172595	0.588
0.243	0.165832	0.59
0.243	0.159334	0.592
0.243	0.15309	0.594
0.243	0.14709	0.596
0.243	0.141325	0.598
0.243	0.135786	0.6
0.243	0.130463	0.602
0.243	0.125349	0.604
0.243	0.120434	0.606
0.243	0.115712	0.608
0.243	0.111175	0.61
0.243	0.106815	0.612
0.243	0.102626	0.614
0.243	0.0986003	0.616
0.243	0.0947325	0.618
0.243	0.0910161	0.62
0.243	0.0874451	0.622
0.243	0.084014	0.624
0.243	0.0807171	0.626
0.243	0.0775493	0.628
0.243	0.0745055	0.63
0.243	0.0715809	0.632
0.243	0.0687707	0.634
0.243	0.0660706	0.636
0.243	0.0634763	0.638
0.243	0.0609835	0.64
0.243	0.0585884	0.642
0.243	0.056287	0.644
0.243	0.0540758	0.646
0.243	0.0519512	0.648
0.243	0.0499099	0.65
0.243	0.0479485	0.652
0.243	0.046064	0.654
0.243	0.0442533	0.656
0.243	0.0425136	0.658
0.243	0.040842	0.66
0.243	0.039236	0.662
0.243	0.0376929	0.664
0.243	0.0362104	0.666
0.243	0.0347859	0.668
0.243	0.0334173	0.67
0.243	0.0321023	0.672
0.243	0.0308389	0.674
0.243	0.0296251	0.676
0.243	0.0284589	0.678
0.243	0.0273384	0.68
0.243	0.0262619	0.682
0.243	0.0252276	0.684
0.243	0.0242339	0.686
0.243	0.0232792	0.688
0.243	0.022362	0.69
0.243	0.0214808	0.692
0.243	0.0206341	0.694
0.243	0.0198208	0.696
0.243	0.0190393	0.698
0.243	0.0182885	0.7
0.243	0.0175673	0.702
0.243	0.0168743	0.704
0.243	0.0162086	0.706
0.243	0.015569	0.708
0.243	0.0149546	0.71
0.243	0.0143643	0.712
0.243	0.0137972	0.714
0.243	0.0132524	0.716
0.243	0.012729	0.718
0.243	0.0122262	0.72
0.243	0.0117432	0.722
0.243	0.0112792	0.724
0.243	0.0108334	0.726
0.243	0.0104052	0.728
0.243	0.00999377	0.73
0.243	0.00959857	0.732
0.243	0.00921893	0.734
0.243	0.00885423	0.736
0.243	0.00850389	0.738
0.243	0.00816734	0.74
0.243	0.00784405	0.742
0.243	0.00753349	0.744
0.243	0.00723517	0.746
0.243	0.0069486	0.748
0.243	0.00667333	0.75
0.243	0.0064089	0.752
0.243	0.0061549	0.754
0.243	0.00591092	0.756
0.243	0.00567655	0.758
0.243	0.00545143	0.76
0.243	0.00523519	0.762
0.243	0.00502748	0.764
0.243	0.00482796	0.766
0.243	0.00463632	0.768
0.243	0.00445225	0.77
0.243	0.00427544	0.772
0.243	0.00410562	0.774
0.243	0.0039425	0.776
0.243	0.00378583	0.778
0.243	0.00363535	0.78
0.243	0.00349081	0.782
0.243	0.00335199	0.784
0.243	0.00321865	0.786
0.243	0.00309059	0.788
0.243	0.0029676	0.79
0.243	0.00284946	0.792
0.243	0.00273601	0.794
0.243	0.00262704	0.796
0.243	0.00252238	0.798
0.243	0.00242187	0.8
0.243	0.00232534	0.802